param,mean,median,0.950_CI_LB,0.950_CI_UB
hi_param_0,0.044766,0.040835,0.004593,0.106991
hi_param_1,0.028490,0.024144,0.001506,0.080665
hi_param_2,0.068242,0.067327,0.016377,0.128624
hi_param_3,0.027075,0.022823,0.001806,0.076622
hi_param_4,0.032102,0.028093,0.002890,0.083452
hi_param_5,0.040095,0.036090,0.003930,0.097214
hi_param_6,0.059278,0.057046,0.014449,0.118952
hi_param_7,0.065033,0.061866,0.012019,0.134272
hi_param_8,0.066487,0.064249,0.011536,0.135065
hi_param_9,0.044729,0.040744,0.004994,0.107253
hi_param_10,0.063925,0.061891,0.013769,0.126304
hi_param_11,0.136730,0.131872,0.070785,0.232857
hi_param_12,0.105247,0.102939,0.044074,0.179570
hi_param_13,0.117594,0.114428,0.051275,0.201024
hi_param_14,0.072340,0.071074,0.015002,0.142475
hi_param_15,0.134732,0.130938,0.068884,0.221685
hi_param_16,0.064367,0.061583,0.011817,0.131697
hi_param_17,0.170656,0.164069,0.097375,0.283564
hi_param_18,0.137676,0.131757,0.070713,0.231243
hi_param_19,0.120682,0.117478,0.062658,0.197023
hi_param_20,0.131557,0.129955,0.068567,0.208442
hi_param_21,0.097401,0.096057,0.035591,0.167889
hi_param_22,0.135993,0.130260,0.070277,0.232949
hi_param_23,0.182524,0.176571,0.112605,0.279575
hi_param_24,0.113832,0.111131,0.043726,0.202409
hi_param_25,0.053770,0.050782,0.010745,0.111607
hi_param_26,0.098883,0.096662,0.038694,0.172688
hi_param_27,0.163501,0.158583,0.092809,0.258778
hi_param_28,0.167441,0.163979,0.110204,0.247011
hi_param_29,0.285655,0.284853,0.168699,0.422918
hi_param_30,0.223741,0.214992,0.127398,0.367154
hi_param_31,0.136382,0.133787,0.074020,0.216871
hi_param_32,0.192823,0.190270,0.115324,0.287473
hi_param_33,0.150956,0.145225,0.080904,0.251531
hi_param_34,0.137521,0.132106,0.068970,0.234010
hi_param_35,0.189266,0.178400,0.108345,0.316910
hi_param_36,0.190574,0.184097,0.111974,0.297275
hi_param_37,0.121288,0.119246,0.053839,0.205338
hi_param_38,0.221905,0.215178,0.137682,0.338679
hi_param_39,0.266290,0.263728,0.153410,0.394896
hi_param_40,0.071894,0.069619,0.014962,0.143688
hi_param_41,0.172379,0.163681,0.094484,0.288691
hi_param_42,0.146327,0.142777,0.073404,0.237133
hi_param_43,0.189552,0.178542,0.108594,0.319326
hi_param_44,0.191512,0.184545,0.111520,0.301167
hi_param_45,0.237391,0.234227,0.149328,0.350880
hi_param_46,0.162027,0.156064,0.089890,0.265290
hi_param_47,0.142542,0.139158,0.066926,0.242824
hi_param_48,0.107439,0.104885,0.047437,0.182283
hi_param_49,0.122289,0.120344,0.055179,0.203034
hi_param_50,0.154651,0.150153,0.090140,0.246915
hi_param_51,0.226579,0.218522,0.130563,0.366101
hi_param_52,0.241666,0.235999,0.151594,0.368709
hi_param_53,0.111436,0.108207,0.051387,0.192279
hi_param_54,0.177822,0.172908,0.093990,0.290202
hi_param_55,0.031912,0.027689,0.002162,0.085300
hi_param_56,0.068535,0.067121,0.017638,0.130397
hi_param_57,0.043078,0.040059,0.004536,0.097856
hi_param_58,0.050676,0.047566,0.008045,0.112347
hi_param_59,0.075017,0.073537,0.020773,0.140237
hi_param_60,0.149917,0.144217,0.087132,0.240022
hi_param_61,0.110897,0.108546,0.051121,0.186263
hi_param_62,0.046584,0.043196,0.004501,0.105105
hi_param_63,0.090889,0.089386,0.032615,0.157413
hi_param_64,0.078685,0.077115,0.025596,0.142138
hi_param_65,0.201803,0.195371,0.131786,0.291271
hi_param_66,0.056726,0.052321,0.007966,0.127267
hi_param_67,0.028725,0.024051,0.001397,0.080387
hi_param_68,0.041232,0.037597,0.003662,0.098942
hi_param_69,0.100775,0.097521,0.041279,0.178331
hi_param_70,0.095612,0.093890,0.039242,0.162545
hi_param_71,0.093314,0.091638,0.039303,0.156983
hi_param_72,0.045528,0.041845,0.005008,0.106564
hi_param_73,0.085757,0.083366,0.031264,0.157503
hi_param_74,0.024722,0.020785,0.001366,0.071447
hi_param_75,0.062931,0.060419,0.009527,0.132611
hi_param_76,0.043696,0.039826,0.003829,0.102825
hi_param_77,0.101735,0.098975,0.035810,0.186803
hi_param_78,0.066025,0.063869,0.015903,0.128779
hi_param_79,0.115609,0.113510,0.052632,0.193295
hi_param_80,0.302824,0.304712,0.201661,0.393310
hi_param_81,0.124763,0.122335,0.062902,0.207995
hi_param_82,0.190078,0.182714,0.103897,0.312946
hi_param_83,0.137960,0.131310,0.064083,0.247814
hi_param_84,0.107721,0.105098,0.040747,0.192301
hi_param_85,0.169566,0.162047,0.089152,0.283603
hi_param_86,0.097367,0.095324,0.040632,0.167689
hi_param_87,0.086200,0.084483,0.025316,0.157547
hi_param_88,0.091132,0.089046,0.031983,0.163209
hi_param_89,0.303762,0.304560,0.195708,0.392806
hi_param_90,0.077704,0.076030,0.022608,0.145943
hi_param_91,0.138902,0.133804,0.066360,0.238034
hi_param_92,0.073773,0.071119,0.017912,0.145033
hi_param_93,0.163189,0.157275,0.085657,0.273136
hi_param_94,0.207973,0.199890,0.120567,0.332060
hi_param_95,0.203648,0.199602,0.104869,0.327351
hi_param_96,0.056428,0.053627,0.011237,0.116101
hi_param_97,0.168491,0.164024,0.102625,0.263415
hi_param_98,0.230932,0.227838,0.135310,0.347095
hi_param_99,0.149412,0.146329,0.081122,0.238070
hi_param_100,0.144783,0.133957,0.060767,0.270095
hi_param_101,0.215415,0.213022,0.135223,0.308777
hi_param_102,0.223854,0.218115,0.135626,0.345060
hi_param_103,0.220980,0.218261,0.129010,0.335564
hi_param_104,0.168998,0.161048,0.098669,0.275210
hi_param_105,0.140864,0.135766,0.068617,0.240338
hi_param_106,0.051513,0.047803,0.007323,0.116163
hi_param_107,0.078517,0.077111,0.019430,0.146329
hi_param_108,0.085776,0.084713,0.027190,0.154927
hi_param_109,0.045706,0.041864,0.004145,0.109875
hi_param_110,0.048026,0.043889,0.005822,0.114390
hi_param_111,0.073918,0.071842,0.020503,0.140191
hi_param_112,0.119331,0.117361,0.058698,0.193943
hi_param_113,0.133326,0.129474,0.068238,0.217805
hi_param_114,0.038509,0.034764,0.002830,0.095877
hi_param_115,0.171659,0.166881,0.107824,0.263471
hi_param_116,0.114684,0.111752,0.049320,0.196368
hi_param_117,0.101498,0.099497,0.048365,0.167762
hi_param_118,0.080771,0.080001,0.022729,0.146727
hi_param_119,0.064148,0.061986,0.012291,0.128979
hi_param_120,0.054471,0.050613,0.009720,0.118634
hi_param_121,0.110267,0.106896,0.048117,0.194526
hi_param_122,0.282497,0.267602,0.153781,0.487223
hi_param_123,0.265490,0.262888,0.155932,0.389576
hi_param_124,0.287281,0.282964,0.175993,0.415430
hi_param_125,0.176873,0.170929,0.098443,0.286667
hi_param_126,0.110514,0.106831,0.048728,0.192563
hi_param_127,0.140382,0.136646,0.074697,0.228170
hi_param_128,0.373050,0.371723,0.251059,0.499412
hi_param_129,0.278319,0.277030,0.171101,0.390075
hi_param_130,0.196166,0.187411,0.112292,0.319711
hi_param_131,0.498383,0.498184,0.368218,0.615388
hi_param_132,0.293439,0.291691,0.186747,0.401285
hi_param_133,0.217504,0.214369,0.132323,0.319320
hi_param_134,0.253639,0.251684,0.149743,0.376075
hi_param_135,0.345638,0.347819,0.228144,0.442911
hi_param_136,0.321845,0.321541,0.179907,0.493406
hi_param_137,0.289595,0.287555,0.175385,0.419013
hi_param_138,0.253905,0.252073,0.142753,0.371328
hi_param_139,0.351681,0.355059,0.234367,0.451934
hi_param_140,0.297104,0.297142,0.185353,0.406778
hi_param_141,0.470442,0.470197,0.342100,0.583348
hi_param_142,0.299534,0.299378,0.193372,0.404528
hi_param_143,0.290445,0.285371,0.175554,0.422036
hi_param_144,0.335791,0.334405,0.208289,0.477500
hi_param_145,0.396572,0.404359,0.267187,0.506948
hi_param_146,0.188750,0.180325,0.110376,0.300051
hi_param_147,0.269337,0.268139,0.156181,0.394366
hi_param_148,0.355238,0.352330,0.240036,0.481518
hi_param_149,0.238238,0.234855,0.144542,0.354382
hi_param_150,0.157804,0.152937,0.085850,0.259015
hi_param_151,0.303429,0.304180,0.175690,0.413333
hi_param_152,0.286142,0.285423,0.165186,0.387901
hi_param_153,0.314873,0.312331,0.186334,0.466092
hi_param_154,0.185531,0.178824,0.103863,0.304215
hi_param_155,0.353301,0.354579,0.236970,0.450267
hi_param_156,0.710160,0.713570,0.574768,0.819669
hi_param_157,0.366942,0.366603,0.235808,0.509857
hi_param_158,0.320108,0.320355,0.194550,0.453935
hi_param_159,0.351092,0.355887,0.234991,0.457366
hi_param_160,0.357330,0.359598,0.233446,0.465635
hi_param_161,0.237252,0.232843,0.143166,0.362473
hi_param_162,0.306573,0.306415,0.192697,0.437254
hi_param_163,0.306116,0.299741,0.198527,0.437228
hi_param_164,0.252146,0.254073,0.137118,0.368213
hi_param_165,0.354515,0.357803,0.247361,0.442905
hi_param_166,0.335194,0.337184,0.223238,0.436603
hi_param_167,0.379351,0.381567,0.282486,0.460939
hi_param_168,0.418269,0.422365,0.294562,0.535025
hi_param_169,0.351459,0.354600,0.246728,0.442643
hi_param_170,0.442177,0.445658,0.299502,0.572657
hi_param_171,0.350219,0.348884,0.225920,0.479558
hi_param_172,0.382598,0.382038,0.250047,0.505664
hi_param_173,0.431628,0.433239,0.304233,0.550321
hi_param_174,0.374876,0.378079,0.255592,0.473131
hi_param_175,0.297753,0.297138,0.185744,0.428894
hi_param_176,0.308337,0.307742,0.201486,0.414664
hi_param_177,0.343940,0.346508,0.223211,0.448797
hi_param_178,0.357544,0.355991,0.237864,0.483991
hi_param_179,0.368123,0.371607,0.266640,0.454167
hi_param_180,0.458413,0.459012,0.314029,0.589978
hi_param_181,0.296346,0.297982,0.188835,0.396047
hi_param_182,0.296545,0.296580,0.189682,0.405701
hi_param_183,0.365756,0.368332,0.252081,0.462498
hi_param_184,0.366687,0.367847,0.231049,0.505456
hi_param_185,0.438548,0.433128,0.323332,0.583418
hi_param_186,0.425606,0.423532,0.310569,0.539371
hi_param_187,0.337316,0.336338,0.199155,0.480464
hi_param_188,0.343176,0.343933,0.216396,0.465612
hi_param_189,0.482839,0.498256,0.316260,0.608873
hi_param_190,0.322668,0.318787,0.189405,0.476590
hi_param_191,0.386697,0.389031,0.248069,0.517293
hi_param_192,0.449436,0.450474,0.308466,0.580260
hi_param_193,0.420135,0.423107,0.299090,0.540977
hi_param_194,0.277589,0.275493,0.165819,0.398750
hi_param_195,0.475794,0.475334,0.339487,0.601593
hi_param_196,0.599618,0.597536,0.511493,0.696784
hi_param_197,0.412504,0.413493,0.271181,0.553471
hi_param_198,0.319744,0.323288,0.203267,0.425545
hi_param_199,0.517135,0.519328,0.384086,0.639249
hi_param_200,0.392032,0.394341,0.293446,0.495209
hi_param_201,0.399669,0.400354,0.267542,0.528085
hi_param_202,0.350250,0.352521,0.238245,0.443704
hi_param_203,0.330711,0.331978,0.224249,0.428708
hi_param_204,0.561723,0.564069,0.478161,0.649764
hi_param_205,0.507502,0.510686,0.363911,0.620965
hi_param_206,0.467807,0.467987,0.339790,0.574731
hi_param_207,0.621128,0.623234,0.530609,0.697851
hi_param_208,0.477500,0.477493,0.362848,0.589308
hi_param_209,0.405240,0.413816,0.255717,0.526811
hi_param_210,0.595076,0.591944,0.512718,0.690864
hi_param_211,0.477593,0.483667,0.336101,0.615206
hi_param_212,0.452922,0.451851,0.305305,0.572718
hi_param_213,0.372131,0.369479,0.230595,0.520057
hi_param_214,0.366373,0.368263,0.253234,0.464490
hi_param_215,0.387511,0.384665,0.254767,0.523411
hi_param_216,0.337577,0.338409,0.225133,0.443622
hi_param_217,0.416623,0.419331,0.280843,0.555026
hi_param_218,0.293119,0.291095,0.159462,0.444746
hi_param_219,0.411513,0.412736,0.281162,0.529385
hi_param_220,0.463588,0.464047,0.326252,0.594853
hi_param_221,0.419067,0.426754,0.290984,0.534627
hi_param_222,0.362913,0.366843,0.254734,0.456910
hi_param_223,0.618224,0.614833,0.562203,0.687664
hi_param_224,0.328799,0.329132,0.212345,0.445299
hi_param_225,0.396280,0.398335,0.285960,0.484162
hi_param_226,0.465896,0.467303,0.335610,0.597348
hi_param_227,0.424850,0.425334,0.286905,0.565723
hi_param_228,0.468873,0.468397,0.335368,0.602227
hi_param_229,0.454634,0.456070,0.316069,0.584056
hi_param_230,0.385431,0.386311,0.259515,0.537264
hi_param_231,0.447644,0.448240,0.311413,0.580132
hi_param_232,0.446333,0.448277,0.314040,0.574999
hi_param_233,0.482035,0.480562,0.346811,0.607384
hi_param_234,0.408115,0.407264,0.319511,0.520506
hi_param_235,0.505429,0.505662,0.374802,0.625946
hi_param_236,0.452820,0.454422,0.302912,0.600859
hi_param_237,0.553152,0.560643,0.368953,0.642700
hi_param_238,0.521275,0.530680,0.374659,0.619213
hi_param_239,0.420176,0.421748,0.297267,0.537629
hi_param_240,0.404094,0.408963,0.272928,0.517365
hi_param_241,0.399319,0.399731,0.263662,0.520933
hi_param_242,0.364242,0.367569,0.260017,0.454967
hi_param_243,0.461715,0.466117,0.339379,0.577632
hi_param_244,0.464044,0.499976,0.229030,0.608643
hi_param_245,0.570597,0.570471,0.503275,0.649174
hi_param_246,0.487858,0.486257,0.368639,0.598680
hi_param_247,0.482577,0.482955,0.343472,0.612625
hi_param_248,0.322105,0.313924,0.199096,0.477290
hi_param_249,0.455970,0.458370,0.336464,0.562675
hi_param_250,0.521969,0.523213,0.388329,0.639617
hi_param_251,0.506104,0.507850,0.358990,0.635697
hi_param_252,0.377029,0.377092,0.254427,0.498980
hi_param_253,0.420337,0.428791,0.273924,0.540782
hi_param_254,0.489693,0.491274,0.359818,0.610310
hi_param_255,0.530308,0.528380,0.417166,0.628609
hi_param_256,0.433277,0.439343,0.305959,0.552775
hi_param_257,0.556483,0.554945,0.453194,0.652617
hi_param_258,0.488236,0.487743,0.361359,0.608121
hi_param_259,0.423850,0.425666,0.297216,0.546502
hi_param_260,0.496378,0.498688,0.371050,0.612167
hi_param_261,0.553249,0.554059,0.424260,0.676654
hi_param_262,0.372352,0.373122,0.269178,0.468324
hi_param_263,0.410838,0.411703,0.311036,0.554432
hi_param_264,0.446952,0.449708,0.311135,0.566038
hi_param_265,0.459731,0.458745,0.335708,0.578267
hi_param_266,0.508500,0.513949,0.393741,0.613611
hi_param_267,0.445764,0.450865,0.300353,0.567407
hi_param_268,0.533194,0.534980,0.398023,0.658087
hi_param_269,0.463139,0.465313,0.307578,0.600806
hi_param_270,0.503752,0.503673,0.386505,0.611694
hi_param_271,0.521147,0.522171,0.405215,0.634566
hi_param_272,0.445952,0.450326,0.283786,0.602158
hi_param_273,0.623852,0.621386,0.532978,0.725283
hi_param_274,0.434057,0.435521,0.313004,0.552108
hi_param_275,0.603693,0.607485,0.514494,0.674266
hi_param_276,0.440267,0.441004,0.297675,0.568005
hi_param_277,0.485020,0.489056,0.362499,0.594270
hi_param_278,0.477254,0.479702,0.356851,0.593374
hi_param_279,0.611775,0.609105,0.554230,0.685527
hi_param_280,0.551829,0.552988,0.427781,0.671652
hi_param_281,0.368555,0.370341,0.237487,0.462079
hi_param_282,0.491854,0.493848,0.360715,0.606678
hi_param_283,0.409971,0.413278,0.284483,0.518747
hi_param_284,0.474573,0.478590,0.337148,0.592819
hi_param_285,0.646186,0.645702,0.562036,0.731741
hi_param_286,0.341398,0.338475,0.206549,0.478484
hi_param_287,0.526026,0.527128,0.409598,0.651983
hi_param_288,0.579035,0.579284,0.454691,0.697625
hi_param_289,0.534999,0.534407,0.421816,0.644782
hi_param_290,0.468204,0.468207,0.332973,0.604586
hi_param_291,0.411335,0.412091,0.279715,0.546257
hi_param_292,0.449391,0.454445,0.295727,0.591487
hi_param_293,0.508603,0.519506,0.339362,0.616322
hi_param_294,0.501355,0.502898,0.368211,0.619726
hi_param_295,0.493356,0.493584,0.353418,0.626963
hi_param_296,0.517218,0.518093,0.405489,0.626634
hi_param_297,0.504168,0.507069,0.384988,0.613559
hi_param_298,0.455256,0.458327,0.338215,0.567373
hi_param_299,0.586600,0.585086,0.505015,0.677005
hi_param_300,0.519837,0.520100,0.416833,0.629483
hi_param_301,0.411189,0.410308,0.290678,0.535852
hi_param_302,0.434408,0.436284,0.292913,0.565102
hi_param_303,0.606023,0.602659,0.518643,0.712456
hi_param_304,0.580255,0.577292,0.500225,0.673082
hi_param_305,0.463267,0.465881,0.323974,0.596656
hi_param_306,0.527027,0.527364,0.394801,0.642334
hi_param_307,0.403154,0.407544,0.261245,0.526519
hi_param_308,0.476828,0.483029,0.299752,0.584483
hi_param_309,0.454979,0.456007,0.306101,0.587595
hi_param_310,0.530389,0.533378,0.383780,0.663135
hi_param_311,0.383587,0.380956,0.252824,0.522720
hi_param_312,0.451947,0.454020,0.325703,0.575651
hi_param_313,0.508122,0.508792,0.384489,0.631064
hi_param_314,0.510267,0.511535,0.385706,0.635776
hi_param_315,0.329026,0.332102,0.204929,0.459031
hi_param_316,0.498890,0.500528,0.353629,0.626385
hi_param_317,0.420875,0.422187,0.273281,0.564090
hi_param_318,0.407213,0.406733,0.268649,0.538348
hi_param_319,0.558821,0.558569,0.461896,0.647484
hi_param_320,0.398680,0.398949,0.266929,0.520629
hi_param_321,0.511004,0.511981,0.379247,0.623449
hi_param_322,0.533553,0.532574,0.408345,0.664795
hi_param_323,0.505908,0.507207,0.386505,0.624381
hi_param_324,0.632750,0.631732,0.542371,0.733853
hi_param_325,0.507598,0.508229,0.374609,0.643334
hi_param_326,0.514844,0.515259,0.380033,0.645647
hi_param_327,0.533929,0.539978,0.396211,0.630176
hi_param_328,0.581776,0.582104,0.465994,0.694295
hi_param_329,0.569385,0.568462,0.452795,0.685220
hi_param_330,0.502971,0.504779,0.359278,0.631674
hi_param_331,0.610082,0.610025,0.523652,0.708066
hi_param_332,0.402911,0.404631,0.271879,0.530997
hi_param_333,0.554403,0.556282,0.436550,0.660091
hi_param_334,0.509797,0.512845,0.358432,0.633002
hi_param_335,0.554120,0.552089,0.449691,0.648387
hi_param_336,0.525575,0.528866,0.406991,0.638503
hi_param_337,0.652578,0.651688,0.559193,0.746435
hi_param_338,0.574459,0.571949,0.494299,0.672238
hi_param_339,0.479295,0.480023,0.358839,0.585189
hi_param_340,0.641192,0.635210,0.567788,0.733608
hi_param_341,0.568434,0.569659,0.453052,0.674545
hi_param_342,0.519332,0.519808,0.384922,0.650151
hi_param_343,0.474912,0.472786,0.352499,0.598959
hi_param_344,0.483692,0.483416,0.366246,0.598054
hi_param_345,0.481116,0.481693,0.350174,0.599508
hi_param_346,0.555595,0.557502,0.418288,0.680743
hi_param_347,0.574968,0.576220,0.456470,0.682426
hi_param_348,0.524957,0.524787,0.406034,0.650483
hi_param_349,0.467238,0.466401,0.335454,0.600063
hi_param_350,0.553775,0.553017,0.443730,0.671487
hi_param_351,0.606449,0.605545,0.519761,0.705154
hi_param_352,0.608628,0.602848,0.553542,0.685413
hi_param_353,0.524486,0.523893,0.385762,0.659107
hi_param_354,0.609816,0.609956,0.492895,0.724016
hi_param_355,0.623847,0.620734,0.556138,0.709725
hi_param_356,0.465449,0.465428,0.337314,0.590890
hi_param_357,0.537169,0.536657,0.415037,0.658859
hi_param_358,0.580892,0.582159,0.470985,0.692139
hi_param_359,0.557834,0.558566,0.444108,0.672580
hi_param_360,0.676588,0.680416,0.567056,0.775777
hi_param_361,0.589408,0.588824,0.477272,0.707148
hi_param_362,0.627216,0.628134,0.531403,0.720772
hi_param_363,0.588361,0.589342,0.457354,0.710439
hi_param_364,0.481311,0.484037,0.346146,0.596342
hi_param_365,0.639262,0.640545,0.511232,0.762922
hi_param_366,0.620452,0.621457,0.487057,0.738296
hi_param_367,0.586622,0.586118,0.477625,0.699784
hi_param_368,0.629183,0.627544,0.581658,0.690825
hi_param_369,0.567173,0.568195,0.434990,0.691610
hi_param_370,0.450348,0.450880,0.326659,0.578586
hi_param_371,0.687137,0.689907,0.562699,0.798968
hi_param_372,0.597341,0.600556,0.468270,0.720090
hi_param_373,0.851223,0.854741,0.745355,0.931734
hi_param_374,0.928084,0.932397,0.852532,0.981344
hi_param_375,0.890011,0.893794,0.809205,0.950525
hi_param_376,0.854264,0.857689,0.759012,0.931210
hi_param_377,0.907333,0.910681,0.833134,0.961782
hi_param_378,0.833556,0.836876,0.737048,0.913966
hi_param_379,0.865900,0.870933,0.772395,0.935875
hi_param_380,0.813527,0.816495,0.714201,0.898986
hi_param_381,0.900762,0.903891,0.825095,0.956764
hi_param_382,0.854665,0.859436,0.763472,0.923700
hi_param_383,0.859991,0.865173,0.757393,0.932615
hi_param_384,0.904675,0.907644,0.826706,0.960668
hi_param_385,0.894088,0.898657,0.808799,0.956076
hi_param_386,0.868616,0.872158,0.785084,0.934596
hi_param_387,0.888030,0.891824,0.799304,0.955902
hi_param_388,0.895180,0.899893,0.809372,0.956153
hi_param_389,0.902931,0.906987,0.820865,0.962778
hi_param_390,0.907792,0.910815,0.828216,0.964389
hi_param_391,0.850599,0.854486,0.753529,0.925783
hi_param_392,0.906859,0.909729,0.833307,0.959441
hi_param_393,0.953468,0.956836,0.893308,0.991747
hi_param_394,0.849799,0.854183,0.764115,0.916816
hi_param_395,0.956966,0.962283,0.893465,0.993762
hi_param_396,0.908098,0.912660,0.839241,0.957941
hi_param_397,0.915150,0.918225,0.845473,0.965337
hi_param_398,0.872245,0.876894,0.780741,0.937929
hi_param_399,0.912122,0.915711,0.837315,0.964813
hi_param_400,0.879344,0.882889,0.795752,0.942630
hi_param_401,0.955299,0.958423,0.897214,0.991520
hi_param_402,0.856318,0.860498,0.765553,0.926715
hi_param_403,0.864819,0.868554,0.777969,0.932352
hi_param_404,0.898673,0.905192,0.795388,0.965866
hi_param_405,0.866512,0.872087,0.779941,0.930680
hi_param_406,0.875379,0.880137,0.777496,0.949030
hi_param_407,0.890016,0.894098,0.808837,0.951957
hi_param_408,0.922252,0.927166,0.848481,0.973224
hi_param_409,0.788205,0.792458,0.693469,0.866607
hi_param_410,0.933782,0.937726,0.867730,0.980957
hi_param_411,0.932610,0.937254,0.857206,0.983744
hi_param_412,0.919969,0.924476,0.846998,0.970797
hi_param_413,0.901350,0.905743,0.830561,0.953787
hi_param_414,0.870817,0.874927,0.790566,0.928202
hi_param_415,0.883247,0.887870,0.788852,0.953386
hi_param_416,0.903202,0.906927,0.823870,0.958556
hi_param_417,0.880044,0.884222,0.790290,0.948567
hi_param_418,0.865938,0.869566,0.776740,0.934008
hi_param_419,0.896049,0.899543,0.809516,0.958817
hi_param_420,0.868546,0.873288,0.776556,0.936650
hi_param_421,0.178006,0.173205,0.102044,0.283406
hi_param_422,0.149772,0.146631,0.080347,0.238207
hi_param_423,0.128783,0.125584,0.064348,0.214647
hi_param_424,0.245457,0.241792,0.137472,0.375247
hi_param_425,0.172339,0.165695,0.092155,0.284447
hi_param_426,0.270822,0.268246,0.165478,0.394283
hi_param_427,0.168238,0.164064,0.094023,0.263027
hi_param_428,0.143590,0.138066,0.072978,0.238150
hi_param_429,0.093382,0.091704,0.037210,0.159339
hi_param_430,0.135811,0.133251,0.069775,0.219776
hi_param_431,0.183203,0.176760,0.109792,0.285492
hi_param_432,0.333137,0.336037,0.229337,0.427053
